# Version 1
# ErrorCorrection HIGH
# MaskPattern MASK110
# Content: "Hallo"
# Pentalties: 177, 132, 0, 0 Total: 309
# ██████████████░░░░░░██░░██░░██████████████
# ██░░░░░░░░░░██░░░░██░░██░░░░██░░░░░░░░░░██
# ██░░██████░░██░░██░░██████░░██░░██████░░██
# ██░░██████░░██░░████░░██░░░░██░░██████░░██
# ██░░██████░░██░░░░░░██░░██░░██░░██████░░██
# ██░░░░░░░░░░██░░░░░░██████░░██░░░░░░░░░░██
# ██████████████░░██░░██░░██░░██████████████
# ░░░░░░░░░░░░░░░░░░░░░░░░██░░░░░░░░░░░░░░░░
# ░░░░░░████░░████░░██████░░░░░░░░░░████░░░░
# ░░░░████░░██░░████░░░░░░████░░████░░██░░░░
# ░░██████░░████░░░░░░░░░░████░░██░░░░██████
# ██░░░░░░████░░░░░░██░░░░████░░████░░██░░░░
# ░░████░░░░████░░██░░████░░██░░██████░░██░░
# ░░░░░░░░░░░░░░░░████░░░░░░░░░░░░░░██░░████
# ██████████████░░██░░░░██░░██░░░░░░░░██░░░░
# ██░░░░░░░░░░██░░░░░░██░░░░░░██░░░░████████
# ██░░██████░░██░░██░░██████░░██░░████░░████
# ██░░██████░░██░░██░░░░░░░░████░░██░░░░░░░░
# ██░░██████░░██░░░░░░██░░██░░░░████████████
# ██░░░░░░░░░░██░░░░░░████░░░░██████████████
# ██████████████░░░░██░░████████░░░░░░░░░░░░

 1 1 1 1 1 1 1 0 0 0 1 0 1 0 1 1 1 1 1 1 1
 1 0 0 0 0 0 1 0 0 1 0 1 0 0 1 0 0 0 0 0 1
 1 0 1 1 1 0 1 0 1 0 1 1 1 0 1 0 1 1 1 0 1
 1 0 1 1 1 0 1 0 1 1 0 1 0 0 1 0 1 1 1 0 1
 1 0 1 1 1 0 1 0 0 0 1 0 1 0 1 0 1 1 1 0 1
 1 0 0 0 0 0 1 0 0 0 1 1 1 0 1 0 0 0 0 0 1
 1 1 1 1 1 1 1 0 1 0 1 0 1 0 1 1 1 1 1 1 1
 0 0 0 0 0 0 0 0 0 0 0 0 1 0 0 0 0 0 0 0 0
 0 0 0 1 1 0 1 1 0 1 1 1 0 0 0 0 0 1 1 0 0
 0 0 1 1 0 1 0 1 1 0 0 0 1 1 0 1 1 0 1 0 0
 0 1 1 1 0 1 1 0 0 0 0 0 1 1 0 1 0 0 1 1 1
 1 0 0 0 1 1 0 0 0 1 0 0 1 1 0 1 1 0 1 0 0
 0 1 1 0 0 1 1 0 1 0 1 1 0 1 0 1 1 1 0 1 0
 0 0 0 0 0 0 0 0 1 1 0 0 0 0 0 0 0 1 0 1 1
 1 1 1 1 1 1 1 0 1 0 0 1 0 1 0 0 0 0 1 0 0
 1 0 0 0 0 0 1 0 0 0 1 0 0 0 1 0 0 1 1 1 1
 1 0 1 1 1 0 1 0 1 0 1 1 1 0 1 0 1 1 0 1 1
 1 0 1 1 1 0 1 0 1 0 0 0 0 1 1 0 1 0 0 0 0
 1 0 1 1 1 0 1 0 0 0 1 0 1 0 0 1 1 1 1 1 1
 1 0 0 0 0 0 1 0 0 0 1 1 0 0 1 1 1 1 1 1 1
 1 1 1 1 1 1 1 0 0 1 0 1 1 1 1 0 0 0 0 0 0
