# Version 1
# ErrorCorrection LOW
# MaskPattern MASK111
# Content: "Hallo"
# Pentalties: 170, 102, 0, 0 Total: 272
# ██████████████░░░░██░░████░░██████████████
# ██░░░░░░░░░░██░░████░░██░░░░██░░░░░░░░░░██
# ██░░██████░░██░░████░░░░██░░██░░██████░░██
# ██░░██████░░██░░░░██░░██░░░░██░░██████░░██
# ██░░██████░░██░░██░░░░░░██░░██░░██████░░██
# ██░░░░░░░░░░██░░██░░░░████░░██░░░░░░░░░░██
# ██████████████░░██░░██░░██░░██████████████
# ░░░░░░░░░░░░░░░░██████████░░░░░░░░░░░░░░░░
# ████░░██░░░░████░░████░░░░░░██████░░████░░
# ░░████░░██░░░░░░░░░░██░░░░░░██░░░░██░░████
# ░░██░░██████████░░░░██░░████░░░░░░████░░██
# ████░░██████░░░░████████░░░░░░░░░░██░░████
# ░░██████░░░░████░░░░██░░██░░██░░██░░░░░░░░
# ░░░░░░░░░░░░░░░░████████░░░░░░████░░██░░░░
# ██████████████░░██░░░░░░░░██░░██░░██████░░
# ██░░░░░░░░░░██░░░░██░░██████░░████░░░░░░░░
# ██░░██████░░██░░░░██████░░░░██████░░░░░░██
# ██░░██████░░██░░████░░██░░░░░░██░░████████
# ██░░██████░░██░░░░████░░██░░░░░░██░░██░░██
# ██░░░░░░░░░░██░░██████░░░░████░░░░░░░░░░░░
# ██████████████░░████░░████░░░░██░░██░░██░░

 1 1 1 1 1 1 1 0 0 1 0 1 1 0 1 1 1 1 1 1 1
 1 0 0 0 0 0 1 0 1 1 0 1 0 0 1 0 0 0 0 0 1
 1 0 1 1 1 0 1 0 1 1 0 0 1 0 1 0 1 1 1 0 1
 1 0 1 1 1 0 1 0 0 1 0 1 0 0 1 0 1 1 1 0 1
 1 0 1 1 1 0 1 0 1 0 0 0 1 0 1 0 1 1 1 0 1
 1 0 0 0 0 0 1 0 1 0 0 1 1 0 1 0 0 0 0 0 1
 1 1 1 1 1 1 1 0 1 0 1 0 1 0 1 1 1 1 1 1 1
 0 0 0 0 0 0 0 0 1 1 1 1 1 0 0 0 0 0 0 0 0
 1 1 0 1 0 0 1 1 0 1 1 0 0 0 1 1 1 0 1 1 0
 0 1 1 0 1 0 0 0 0 0 1 0 0 0 1 0 0 1 0 1 1
 0 1 0 1 1 1 1 1 0 0 1 0 1 1 0 0 0 1 1 0 1
 1 1 0 1 1 1 0 0 1 1 1 1 0 0 0 0 0 1 0 1 1
 0 1 1 1 0 0 1 1 0 0 1 0 1 0 1 0 1 0 0 0 0
 0 0 0 0 0 0 0 0 1 1 1 1 0 0 0 1 1 0 1 0 0
 1 1 1 1 1 1 1 0 1 0 0 0 0 1 0 1 0 1 1 1 0
 1 0 0 0 0 0 1 0 0 1 0 1 1 1 0 1 1 0 0 0 0
 1 0 1 1 1 0 1 0 0 1 1 1 0 0 1 1 1 0 0 0 1
 1 0 1 1 1 0 1 0 1 1 0 1 0 0 0 1 0 1 1 1 1
 1 0 1 1 1 0 1 0 0 1 1 0 1 0 0 0 1 0 1 0 1
 1 0 0 0 0 0 1 0 1 1 1 0 0 1 1 0 0 0 0 0 0
 1 1 1 1 1 1 1 0 1 1 0 1 1 0 0 1 0 1 0 1 0
