# Version 1
# ErrorCorrection QUARTILE
# MaskPattern MASK110
# Content: "Hallo"
# Pentalties: 187, 111, 0, 0 Total: 298
# ██████████████░░░░████░░██░░██████████████
# ██░░░░░░░░░░██░░████░░░░██░░██░░░░░░░░░░██
# ██░░██████░░██░░░░████░░██░░██░░██████░░██
# ██░░██████░░██░░██░░░░████░░██░░██████░░██
# ██░░██████░░██░░██░░████░░░░██░░██████░░██
# ██░░░░░░░░░░██░░░░░░████░░░░██░░░░░░░░░░██
# ██████████████░░██░░██░░██░░██████████████
# ░░░░░░░░░░░░░░░░██████████░░░░░░░░░░░░░░░░
# ░░██░░████████░░██░░██░░░░████░░████░░██░░
# ██░░██░░██░░░░░░░░████░░░░██░░████░░██░░░░
# ██░░██░░██░░██░░██████░░██░░░░██░░░░██████
# ░░░░░░░░░░░░░░██████░░████████████░░██░░░░
# ░░░░████████████░░████░░░░██████████░░██░░
# ░░░░░░░░░░░░░░░░██░░░░░░░░████░░░░██░░████
# ██████████████░░░░████████░░░░░░░░░░██░░░░
# ██░░░░░░░░░░██░░██░░░░██░░░░██░░░░████████
# ██░░██████░░██░░██░░██░░██████░░████░░████
# ██░░██████░░██░░████░░░░██████░░██░░░░░░░░
# ██░░██████░░██░░░░░░████████░░████████████
# ██░░░░░░░░░░██░░██░░██████░░░░████████████
# ██████████████░░░░░░░░░░████░░░░░░░░░░░░░░

 1 1 1 1 1 1 1 0 0 1 1 0 1 0 1 1 1 1 1 1 1
 1 0 0 0 0 0 1 0 1 1 0 0 1 0 1 0 0 0 0 0 1
 1 0 1 1 1 0 1 0 0 1 1 0 1 0 1 0 1 1 1 0 1
 1 0 1 1 1 0 1 0 1 0 0 1 1 0 1 0 1 1 1 0 1
 1 0 1 1 1 0 1 0 1 0 1 1 0 0 1 0 1 1 1 0 1
 1 0 0 0 0 0 1 0 0 0 1 1 0 0 1 0 0 0 0 0 1
 1 1 1 1 1 1 1 0 1 0 1 0 1 0 1 1 1 1 1 1 1
 0 0 0 0 0 0 0 0 1 1 1 1 1 0 0 0 0 0 0 0 0
 0 1 0 1 1 1 1 0 1 0 1 0 0 1 1 0 1 1 0 1 0
 1 0 1 0 1 0 0 0 0 1 1 0 0 1 0 1 1 0 1 0 0
 1 0 1 0 1 0 1 0 1 1 1 0 1 0 0 1 0 0 1 1 1
 0 0 0 0 0 0 0 1 1 1 0 1 1 1 1 1 1 0 1 0 0
 0 0 1 1 1 1 1 1 0 1 1 0 0 1 1 1 1 1 0 1 0
 0 0 0 0 0 0 0 0 1 0 0 0 0 1 1 0 0 1 0 1 1
 1 1 1 1 1 1 1 0 0 1 1 1 1 0 0 0 0 0 1 0 0
 1 0 0 0 0 0 1 0 1 0 0 1 0 0 1 0 0 1 1 1 1
 1 0 1 1 1 0 1 0 1 0 1 0 1 1 1 0 1 1 0 1 1
 1 0 1 1 1 0 1 0 1 1 0 0 1 1 1 0 1 0 0 0 0
 1 0 1 1 1 0 1 0 0 0 1 1 1 1 0 1 1 1 1 1 1
 1 0 0 0 0 0 1 0 1 0 1 1 1 0 0 1 1 1 1 1 1
 1 1 1 1 1 1 1 0 0 0 0 0 1 1 0 0 0 0 0 0 0
