# Version 3
# ErrorCorrection LOW
# MaskPattern MASK010
# Content: "https://wuecampus2.uni-wuerzburg.de/moodle/"
# Pentalties: 283, 195, 0, 80 Total: 558
# ██████████████░░░░██░░░░░░██░░░░████████░░░░██████████████
# ██░░░░░░░░░░██░░████░░████░░██████░░░░░░██░░██░░░░░░░░░░██
# ██░░██████░░██░░░░██████░░░░██░░██░░░░░░░░░░██░░██████░░██
# ██░░██████░░██░░████░░██░░████░░░░██░░██░░░░██░░██████░░██
# ██░░██████░░██░░░░░░██░░████░░░░░░░░░░████░░██░░██████░░██
# ██░░░░░░░░░░██░░██░░██░░░░██████████░░░░░░░░██░░░░░░░░░░██
# ██████████████░░██░░██░░██░░██░░██░░██░░██░░██████████████
# ░░░░░░░░░░░░░░░░░░░░░░░░██░░██████░░░░████░░░░░░░░░░░░░░░░
# ██████████░░██████████░░████████░░██░░██░░██░░██░░██░░██░░
# ░░░░██░░░░░░░░░░░░██░░░░░░██░░░░██░░░░████████████░░░░░░██
# ░░████░░░░░░████████░░██████████░░░░░░░░████░░██░░░░░░░░░░
# ████░░░░██░░░░██░░██████░░░░██████░░░░░░██░░░░░░████░░██░░
# ░░░░██░░██████░░░░██░░██░░██████░░██░░░░██░░░░░░░░████░░░░
# ████████░░░░░░░░██████░░██░░░░░░██░░██████████████░░░░░░██
# ██░░██░░░░████░░░░░░░░░░░░░░████░░░░░░░░░░░░██████████░░░░
# ████████░░░░░░░░██░░██░░██░░░░░░██░░░░████░░░░████░░░░██░░
# ██████████░░██░░░░░░░░░░██████░░░░██░░██░░░░░░░░░░████░░░░
# ████░░░░░░░░░░░░████░░░░░░██░░░░░░░░░░██░░░░██████░░██░░██
# ██░░░░░░██░░██░░░░████████░░██████████░░░░██░░████░░██░░░░
# ██░░░░██████░░██░░░░░░██░░░░░░░░██░░████░░██░░████░░░░██░░
# ██░░██░░████████░░░░░░██░░██████░░██░░░░██████████░░██████
# ░░░░░░░░░░░░░░░░██░░██░░██░░░░░░████░░████░░░░░░██████████
# ██████████████░░████░░░░░░░░████░░████████░░██░░██████░░░░
# ██░░░░░░░░░░██░░░░░░██░░██░░██░░░░░░██░░██░░░░░░██░░░░░░██
# ██░░██████░░██░░████░░░░████░░██████░░░░██████████░░██████
# ██░░██████░░██░░██░░░░░░░░██░░░░██░░██████░░░░██░░████████
# ██░░██████░░██░░██░░░░████████████████░░░░░░████████████░░
# ██░░░░░░░░░░██░░██░░████░░░░██████░░██████░░░░██░░██░░██░░
# ██████████████░░████░░████░░░░██████░░██░░░░░░████████░░░░

 1 1 1 1 1 1 1 0 0 1 0 0 0 1 0 0 1 1 1 1 0 0 1 1 1 1 1 1 1
 1 0 0 0 0 0 1 0 1 1 0 1 1 0 1 1 1 0 0 0 1 0 1 0 0 0 0 0 1
 1 0 1 1 1 0 1 0 0 1 1 1 0 0 1 0 1 0 0 0 0 0 1 0 1 1 1 0 1
 1 0 1 1 1 0 1 0 1 1 0 1 0 1 1 0 0 1 0 1 0 0 1 0 1 1 1 0 1
 1 0 1 1 1 0 1 0 0 0 1 0 1 1 0 0 0 0 0 1 1 0 1 0 1 1 1 0 1
 1 0 0 0 0 0 1 0 1 0 1 0 0 1 1 1 1 1 0 0 0 0 1 0 0 0 0 0 1
 1 1 1 1 1 1 1 0 1 0 1 0 1 0 1 0 1 0 1 0 1 0 1 1 1 1 1 1 1
 0 0 0 0 0 0 0 0 0 0 0 0 1 0 1 1 1 0 0 1 1 0 0 0 0 0 0 0 0
 1 1 1 1 1 0 1 1 1 1 1 0 1 1 1 1 0 1 0 1 0 1 0 1 0 1 0 1 0
 0 0 1 0 0 0 0 0 0 1 0 0 0 1 0 0 1 0 0 1 1 1 1 1 1 0 0 0 1
 0 1 1 0 0 0 1 1 1 1 0 1 1 1 1 1 0 0 0 0 1 1 0 1 0 0 0 0 0
 1 1 0 0 1 0 0 1 0 1 1 1 0 0 1 1 1 0 0 0 1 0 0 0 1 1 0 1 0
 0 0 1 0 1 1 1 0 0 1 0 1 0 1 1 1 0 1 0 0 1 0 0 0 0 1 1 0 0
 1 1 1 1 0 0 0 0 1 1 1 0 1 0 0 0 1 0 1 1 1 1 1 1 1 0 0 0 1
 1 0 1 0 0 1 1 0 0 0 0 0 0 0 1 1 0 0 0 0 0 0 1 1 1 1 1 0 0
 1 1 1 1 0 0 0 0 1 0 1 0 1 0 0 0 1 0 0 1 1 0 0 1 1 0 0 1 0
 1 1 1 1 1 0 1 0 0 0 0 0 1 1 1 0 0 1 0 1 0 0 0 0 0 1 1 0 0
 1 1 0 0 0 0 0 0 1 1 0 0 0 1 0 0 0 0 0 1 0 0 1 1 1 0 1 0 1
 1 0 0 0 1 0 1 0 0 1 1 1 1 0 1 1 1 1 1 0 0 1 0 1 1 0 1 0 0
 1 0 0 1 1 1 0 1 0 0 0 1 0 0 0 0 1 0 1 1 0 1 0 1 1 0 0 1 0
 1 0 1 0 1 1 1 1 0 0 0 1 0 1 1 1 0 1 0 0 1 1 1 1 1 0 1 1 1
 0 0 0 0 0 0 0 0 1 0 1 0 1 0 0 0 1 1 0 1 1 0 0 0 1 1 1 1 1
 1 1 1 1 1 1 1 0 1 1 0 0 0 0 1 1 0 1 1 1 1 0 1 0 1 1 1 0 0
 1 0 0 0 0 0 1 0 0 0 1 0 1 0 1 0 0 0 1 0 1 0 0 0 1 0 0 0 1
 1 0 1 1 1 0 1 0 1 1 0 0 1 1 0 1 1 1 0 0 1 1 1 1 1 0 1 1 1
 1 0 1 1 1 0 1 0 1 0 0 0 0 1 0 0 1 0 1 1 1 0 0 1 0 1 1 1 1
 1 0 1 1 1 0 1 0 1 0 0 1 1 1 1 1 1 1 1 0 0 0 1 1 1 1 1 1 0
 1 0 0 0 0 0 1 0 1 0 1 1 0 0 1 1 1 0 1 1 1 0 0 1 0 1 0 1 0
 1 1 1 1 1 1 1 0 1 1 0 1 1 0 0 1 1 1 0 1 0 0 0 1 1 1 1 0 0
