# Version 4
# ErrorCorrection MEDIUM
# MaskPattern MASK010
# Content: "https://wuecampus2.uni-wuerzburg.de/moodle/"
# Pentalties: 320, 309, 0, 40 Total: 669
# ██████████████░░░░░░░░░░░░░░██░░██░░████████░░██░░░░██████████████
# ██░░░░░░░░░░██░░░░██░░░░██░░░░██░░░░██░░░░██░░░░░░░░██░░░░░░░░░░██
# ██░░██████░░██░░██░░░░████░░██░░░░░░░░████████░░██░░██░░██████░░██
# ██░░██████░░██░░████████░░░░░░██░░░░████░░██░░░░██░░██░░██████░░██
# ██░░██████░░██░░████░░░░░░░░████████░░░░██░░██░░░░░░██░░██████░░██
# ██░░░░░░░░░░██░░██░░░░░░██░░██░░░░░░████░░████████░░██░░░░░░░░░░██
# ██████████████░░██░░██░░██░░██░░██░░██░░██░░██░░██░░██████████████
# ░░░░░░░░░░░░░░░░██░░██░░██░░██░░██░░░░██████████░░░░░░░░░░░░░░░░░░
# ██░░██████████░░░░░░░░░░░░████░░░░██████░░░░██████░░██████████░░░░
# ░░██████████░░██░░██████░░████░░██████████░░████░░░░████░░████░░██
# ██░░░░██░░░░████░░░░██░░████████░░██░░░░██░░██░░░░████░░██░░████░░
# ████░░██████░░░░░░░░██░░░░██░░░░░░████░░██░░░░████████░░██████░░██
# ░░██████░░██████░░░░██░░██░░██░░██░░░░░░██████░░████░░██████░░████
# ██░░████████░░██████░░░░████░░██░░████░░░░██░░░░██░░██░░░░████████
# ██████░░██░░██░░██░░░░██████░░████░░░░░░████░░░░░░████░░██░░████░░
# ░░██░░██░░░░░░░░██████░░░░░░░░██░░░░░░░░░░██░░██░░████░░██████░░░░
# ██░░░░██░░░░██░░░░████░░░░░░░░██████░░░░██░░████████░░████░░░░░░██
# ░░░░████████░░░░░░██░░░░░░░░██░░██░░░░██████████░░██████░░████░░██
# ████░░██████████████░░░░░░██████░░░░██░░░░██░░░░░░██░░████░░██░░░░
# ██░░░░░░░░░░░░░░░░████░░██░░██░░░░░░░░████████░░░░░░░░████████████
# ░░████████░░██████░░░░░░░░░░░░██░░░░████░░██░░░░████░░██████░░██░░
# ████░░░░░░░░░░██░░██░░░░██░░██████░░░░░░██████████░░██░░░░████░░██
# ██░░██░░██████████░░██░░░░░░░░░░░░██░░██░░████░░░░██░░░░░░██████░░
# ██░░██░░██░░░░██████████░░░░██░░██░░░░████████░░░░████░░██░░██████
# ██░░████░░████████░░░░░░░░██░░░░████░░██░░░░██░░██████████░░░░░░██
# ░░░░░░░░░░░░░░░░████░░████████░░████░░██░░░░██░░██░░░░░░██░░██░░██
# ██████████████░░░░░░██░░██░░░░██████░░░░░░░░██████░░██░░██░░████░░
# ██░░░░░░░░░░██░░████░░░░██░░░░██████████░░░░░░████░░░░░░██████░░██
# ██░░██████░░██░░████████░░░░░░████░░░░░░██████░░████████████░░░░░░
# ██░░██████░░██░░██████░░████████░░░░██░░░░██░░██████░░░░████░░░░██
# ██░░██████░░██░░██░░████░░██░░████░░░░░░██░░░░██████████░░██░░░░░░
# ██░░░░░░░░░░██░░░░████░░████████░░░░░░░░░░████░░░░████░░██████░░░░
# ██████████████░░██░░░░██████░░██░░██░░░░██░░░░████░░░░██░░░░░░██░░

 1 1 1 1 1 1 1 0 0 0 0 0 0 0 1 0 1 0 1 1 1 1 0 1 0 0 1 1 1 1 1 1 1
 1 0 0 0 0 0 1 0 0 1 0 0 1 0 0 1 0 0 1 0 0 1 0 0 0 0 1 0 0 0 0 0 1
 1 0 1 1 1 0 1 0 1 0 0 1 1 0 1 0 0 0 0 1 1 1 1 0 1 0 1 0 1 1 1 0 1
 1 0 1 1 1 0 1 0 1 1 1 1 0 0 0 1 0 0 1 1 0 1 0 0 1 0 1 0 1 1 1 0 1
 1 0 1 1 1 0 1 0 1 1 0 0 0 0 1 1 1 1 0 0 1 0 1 0 0 0 1 0 1 1 1 0 1
 1 0 0 0 0 0 1 0 1 0 0 0 1 0 1 0 0 0 1 1 0 1 1 1 1 0 1 0 0 0 0 0 1
 1 1 1 1 1 1 1 0 1 0 1 0 1 0 1 0 1 0 1 0 1 0 1 0 1 0 1 1 1 1 1 1 1
 0 0 0 0 0 0 0 0 1 0 1 0 1 0 1 0 1 0 0 1 1 1 1 1 0 0 0 0 0 0 0 0 0
 1 0 1 1 1 1 1 0 0 0 0 0 0 1 1 0 0 1 1 1 0 0 1 1 1 0 1 1 1 1 1 0 0
 0 1 1 1 1 1 0 1 0 1 1 1 0 1 1 0 1 1 1 1 1 0 1 1 0 0 1 1 0 1 1 0 1
 1 0 0 1 0 0 1 1 0 0 1 0 1 1 1 1 0 1 0 0 1 0 1 0 0 1 1 0 1 0 1 1 0
 1 1 0 1 1 1 0 0 0 0 1 0 0 1 0 0 0 1 1 0 1 0 0 1 1 1 1 0 1 1 1 0 1
 0 1 1 1 0 1 1 1 0 0 1 0 1 0 1 0 1 0 0 0 1 1 1 0 1 1 0 1 1 1 0 1 1
 1 0 1 1 1 1 0 1 1 1 0 0 1 1 0 1 0 1 1 0 0 1 0 0 1 0 1 0 0 1 1 1 1
 1 1 1 0 1 0 1 0 1 0 0 1 1 1 0 1 1 0 0 0 1 1 0 0 0 1 1 0 1 0 1 1 0
 0 1 0 1 0 0 0 0 1 1 1 0 0 0 0 1 0 0 0 0 0 1 0 1 0 1 1 0 1 1 1 0 0
 1 0 0 1 0 0 1 0 0 1 1 0 0 0 0 1 1 1 0 0 1 0 1 1 1 1 0 1 1 0 0 0 1
 0 0 1 1 1 1 0 0 0 1 0 0 0 0 1 0 1 0 0 1 1 1 1 1 0 1 1 1 0 1 1 0 1
 1 1 0 1 1 1 1 1 1 1 0 0 0 1 1 1 0 0 1 0 0 1 0 0 0 1 0 1 1 0 1 0 0
 1 0 0 0 0 0 0 0 0 1 1 0 1 0 1 0 0 0 0 1 1 1 1 0 0 0 0 1 1 1 1 1 1
 0 1 1 1 1 0 1 1 1 0 0 0 0 0 0 1 0 0 1 1 0 1 0 0 1 1 0 1 1 1 0 1 0
 1 1 0 0 0 0 0 1 0 1 0 0 1 0 1 1 1 0 0 0 1 1 1 1 1 0 1 0 0 1 1 0 1
 1 0 1 0 1 1 1 1 1 0 1 0 0 0 0 0 0 1 0 1 0 1 1 0 0 1 0 0 0 1 1 1 0
 1 0 1 0 1 0 0 1 1 1 1 1 0 0 1 0 1 0 0 1 1 1 1 0 0 1 1 0 1 0 1 1 1
 1 0 1 1 0 1 1 1 1 0 0 0 0 1 0 0 1 1 0 1 0 0 1 0 1 1 1 1 1 0 0 0 1
 0 0 0 0 0 0 0 0 1 1 0 1 1 1 1 0 1 1 0 1 0 0 1 0 1 0 0 0 1 0 1 0 1
 1 1 1 1 1 1 1 0 0 0 1 0 1 0 0 1 1 1 0 0 0 0 1 1 1 0 1 0 1 0 1 1 0
 1 0 0 0 0 0 1 0 1 1 0 0 1 0 0 1 1 1 1 1 0 0 0 1 1 0 0 0 1 1 1 0 1
 1 0 1 1 1 0 1 0 1 1 1 1 0 0 0 1 1 0 0 0 1 1 1 0 1 1 1 1 1 1 0 0 0
 1 0 1 1 1 0 1 0 1 1 1 0 1 1 1 1 0 0 1 0 0 1 0 1 1 1 0 0 1 1 0 0 1
 1 0 1 1 1 0 1 0 1 0 1 1 0 1 0 1 1 0 0 0 1 0 0 1 1 1 1 1 0 1 0 0 0
 1 0 0 0 0 0 1 0 0 1 1 0 1 1 1 1 0 0 0 0 0 1 1 0 0 1 1 0 1 1 1 0 0
 1 1 1 1 1 1 1 0 1 0 0 1 1 1 0 1 0 1 0 0 1 0 0 1 1 0 0 1 0 0 0 1 0
